- Jet Lab

- Experiment date = 2022-11-10 17:07:29
- Number of samples in measure = 15
- Number of motor steps between measures = 2
- Measures count = 500

- adc12bit
1050
1064
1051
1016
1034
1026
1035
1042
1035
1046
1061
1078
1077
1042
1050
1055
1064
1051
1071
1065
1061
1067
1068
1078
1067
1050
1040
1060
1072
1051
1076
1074
1044
1063
1061
1013
1018
1002
1003
1014
1020
1040
1045
1027
1029
1009
1033
1026
1033
1038
1032
1032
1052
1018
1027
1025
1037
1030
1023
1007
1017
1026
1036
1010
1032
1014
1029
1030
1024
1008
1024
1017
1029
1016
1018
1018
1025
1046
1024
1048
1029
1024
987
999
1034
1029
1022
1027
1042
1058
1025
1020
1018
1011
1035
1046
1023
1038
1023
1020
1027
1024
1054
1019
1031
1000
1005
1039
1047
1030
1047
1021
1024
1020
1008
1022
1021
1040
1031
1018
1045
1011
1023
1025
1032
1037
1017
1015
1020
999
1020
1023
1039
1052
1032
1040
1039
1012
1080
1027
1015
1045
1032
1065
1044
1042
1032
1042
1032
1031
1035
1025
1043
1093
1076
1054
1059
1036
1086
1030
1095
1064
1102
1057
1072
1093
1078
1054
1084
1086
1090
1110
1113
1131
1075
1053
1182
1138
1228
1229
1217
1174
1167
1178
1144
1194
1147
1293
1274
1207
1290
1140
1352
1230
1344
1218
1269
1385
1328
1396
1405
1376
1531
1619
1505
1473
1366
1640
1595
1615
1622
1642
1579
1769
1550
1769
1724
1565
1798
1984
1775
1794
1792
1954
1936
2020
1961
2015
2238
2033
2168
2132
2233
2195
2182
2124
2350
2337
2397
2358
2534
2537
2508
2474
2726
2476
2634
2645
2742
2892
2844
2855
2952
2795
2947
2966
3047
3044
3028
2917
2782
3181
3034
2976
3118
3235
3043
3199
3092
3109
3111
2878
3084
2946
2971
2858
2867
2964
2848
3000
2854
2825
2920
2838
2748
2541
2526
2300
2474
2280
2305
2277
2303
2171
2189
2096
2192
2159
2107
2022
2273
2043
1889
1853
1827
1820
1728
1780
1667
1756
1827
1581
1507
1389
1468
1454
1491
1435
1496
1311
1451
1389
1262
1442
1409
1369
1186
1223
1313
1225
1181
1111
1185
1271
1223
1203
1177
1148
1156
1234
1206
1183
1114
1081
1079
1257
1142
1053
1105
1156
1073
1121
1064
1046
1027
1090
1135
1074
1077
1035
1099
1071
1031
1035
1055
1040
1032
1019
1042
1029
1015
1032
1012
1033
1024
1005
1014
1020
1017
1006
1017
1009
1018
1011
1000
1028
1016
1021
1012
1028
1013
1033
1018
1012
1032
1029
1016
1002
997
1001
1019
1005
1011
1012
1018
1026
1029
1021
1026
1019
1011
1009
1015
1018
1005
1016
1019
1026
1024
1009
1001
1010
1027
1023
1003
1016
1036
1008
1012
1034
1015
1017
1043
1040
1047
1041
1036
1019
1033
1047
1018
1024
1015
1016
1027
1026
1030
1046
1044
1037
1031
1041
1040
1040
1041
1042
1041
1045
1046
1040
1055
1026
1026
1029
1048
1018
995
1009
1043
1053
1022
1054
1065
1027
1047
1070
1056
1039
1023
1039
1072
1038
1050
1015
1027
1047
1047
1031
1027
1043
1023
1025
1026
1012
1019
1039
1026
1044
1037
1048
