- Jet Lab

- Experiment date = 2022-11-10 17:04:26
- Number of samples in measure = 15
- Number of motor steps between measures = 2
- Measures count = 500

- adc12bit
1045
1034
1043
1040
1041
1051
1023
1016
1028
1069
1063
1064
1082
1080
1049
1062
1068
1060
1055
1068
1075
1068
1059
1059
1062
1065
1083
1062
1058
1067
1043
1030
1055
1033
1038
1052
1068
1066
1050
1059
1081
1080
1040
1072
1059
1052
1015
1016
1027
1028
1002
1025
1067
1038
1032
1042
1036
1029
1027
1052
1033
1020
1026
1034
984
1016
1037
1037
1053
1031
1028
1024
1026
1050
1036
1038
1022
1024
1022
1033
1035
1038
1057
1039
1060
1074
1069
1073
1042
1046
1087
1066
1063
1081
1073
1069
1052
1072
1056
1031
1031
1061
1064
1062
1062
1061
1071
1044
1077
1069
1084
1065
1088
1080
1072
987
1019
1033
1064
1031
1032
1032
1031
1010
1033
1024
1038
1026
1029
987
1032
1037
1041
1043
1024
1020
1036
1035
1017
1033
1033
1022
1033
1042
1029
1054
1039
1024
1026
1038
1074
1063
1065
1057
1091
1046
1054
986
1062
1048
1062
1037
1029
1073
1062
1065
1075
1106
1027
1037
1124
1130
1119
1123
1110
1046
1088
1100
1177
1158
1053
1139
1135
1147
1170
1228
1133
1206
1140
1175
1191
1182
1198
1212
1255
1267
1269
1306
1428
1314
1354
1536
1369
1492
1467
1617
1640
1479
1565
1565
1637
1614
1803
1872
1891
1783
1744
1775
1946
1861
1939
2024
1900
2037
2200
2094
2273
2174
2292
2241
2494
2369
2373
2548
2360
2587
2452
2704
2530
2737
2805
2858
2987
2945
3015
3069
2867
2996
3185
3181
3272
3363
3265
3245
3200
3260
3265
3253
3302
3345
3220
3294
3358
3322
3297
3333
3376
3332
3311
3353
3368
3308
3258
3215
3204
3199
3173
3135
2971
3070
3038
2873
2635
2723
2453
2546
2546
2579
2745
2752
2423
2271
2419
2307
2234
2134
2329
2201
2225
2015
1970
1982
1774
1908
1807
1772
1653
1797
1756
1706
1594
1527
1534
1614
1559
1426
1392
1401
1449
1332
1288
1223
1324
1317
1238
1186
1211
1249
1159
1263
1133
1174
1100
1131
1081
1097
1064
1060
1057
1085
1066
1087
1085
1035
1065
1035
1033
1012
1039
1033
1025
1054
1066
1005
1032
1017
1031
1042
1030
1026
1034
1016
1013
1039
1017
1009
1016
1026
1016
1038
1023
1028
1008
1011
1011
1017
1031
1029
1042
1035
1030
1007
1016
1015
1027
1023
1028
1028
1033
1011
1000
1021
991
1019
1016
1024
1032
1036
1002
1004
1020
1018
1035
1024
1043
1008
1039
1032
1006
1005
1021
1012
1034
1036
1010
1017
1004
1013
1013
1035
1023
1022
1043
1035
1038
1023
1028
1035
1023
1017
1047
1023
1029
1035
1015
1040
1027
1042
1011
988
1011
1012
1026
1006
1046
1026
1030
1032
1020
1017
1037
1040
1023
1021
1028
1023
1023
1033
1023
1039
1006
1003
1003
1019
1030
1026
1017
1032
1026
1018
1028
1017
1034
1053
1033
1021
1009
1033
1024
1021
1009
1037
1020
1011
1004
1009
1020
1028
1032
1041
1025
1028
1035
1022
1025
1024
1036
1008
1022
1022
