- Jet Lab

- Experiment date = 2022-11-10 17:02:34
- Number of samples in measure = 15
- Number of motor steps between measures = 2
- Measures count = 500

- adc12bit
1040
1070
1068
1068
1063
1040
1044
1046
1039
1080
1104
1110
1086
1004
1070
1077
1094
1083
1062
1073
1082
1076
1075
1063
1064
1060
1067
1008
1050
1020
1022
1019
1056
1054
1038
1049
1035
1032
1040
1041
1035
1038
1045
1050
1022
1047
1044
1043
1030
1014
1037
1045
1026
1038
1061
1046
1043
1009
1037
1036
1023
1047
1047
1040
1012
1031
1022
1045
1040
1031
1016
1037
1049
1061
1039
1021
1038
1081
1046
1061
1052
1041
1065
1063
1091
1097
1060
1084
1091
1082
1092
1092
1088
1088
1099
1092
1053
1068
1065
1087
1065
1076
1105
1122
1062
1028
1049
1069
1069
1088
1041
1050
1050
1018
1039
1041
1054
1045
1036
1049
1057
1029
1039
1051
1060
1055
1049
1016
1014
1018
1014
1033
1034
1057
1062
1069
1056
1065
1061
1061
1058
1040
1045
1050
1059
1051
1026
1051
1032
1025
1039
1042
1040
1080
1076
1058
1033
1075
1072
1078
1064
1067
1093
1099
1093
1127
1076
1087
1107
1082
1117
1147
1115
1147
1119
1104
1121
1238
1086
1126
1158
1220
1214
1164
1166
1162
1142
1169
1208
1177
1204
1245
1253
1254
1342
1283
1342
1262
1371
1329
1311
1404
1476
1569
1529
1610
1744
1565
1686
1652
1575
1795
1838
1834
1892
1925
2133
2045
2167
2100
2105
2275
2199
2541
2221
2525
2606
2646
2708
2873
2676
2964
2947
3188
3064
2997
2973
3046
3234
3258
3356
3319
3267
3312
3468
3372
3466
3414
3452
3425
3510
3534
3487
3474
3489
3604
3524
3482
3438
3486
3502
3591
3566
3523
3540
3421
3460
3436
3589
3520
3415
3415
3440
3348
3314
3311
3284
3301
3234
3124
3176
3036
2970
2976
2796
2656
2750
2590
2784
2513
2459
2431
2398
2335
2414
2305
2363
2191
2167
2240
2065
1980
1986
2062
1795
1819
1516
1651
1534
1551
1719
1420
1332
1336
1383
1384
1195
1350
1338
1258
1131
1194
1261
1197
1117
1069
1128
1098
1093
1117
1080
1124
1074
1073
1012
1057
1047
1063
1052
1031
1036
1066
1052
1044
1027
1035
1041
1025
1043
1010
1039
1036
1056
1027
1027
1033
1042
1046
1039
1025
1050
1051
1045
1042
1032
1080
1056
1036
1058
1046
1029
1029
1026
1024
1035
1019
1000
1025
1046
1051
980
1049
1020
1029
1039
1030
1022
1031
1020
1033
1025
998
1042
1027
1019
1021
1022
1031
998
1046
1040
1023
1024
1019
1055
1045
1048
1042
1029
1035
1048
1046
1038
1044
1048
1049
1049
1027
1040
1053
1035
1025
1032
1036
1057
1033
1037
1028
1041
1038
1058
1033
1053
1023
1040
1043
1043
1033
1037
1035
1020
1042
1013
1021
1034
1043
1017
1056
1021
1033
1037
1024
1007
1060
1027
1049
1042
1032
1034
1044
996
1055
1050
1033
1010
1033
1028
1056
1044
1039
1037
1027
1064
1050
1063
990
1033
1041
1043
1035
1034
1036
1032
1026
1041
1031
1022
992
1020
1041
1034
1029
1035
1042
1016
1044
1038
1052
1045
1051
