- Jet Lab

- Experiment date = 2022-11-10 17:00:08
- Number of samples in measure = 15
- Number of motor steps between measures = 2
- Measures count = 500

- adc12bit
1061
1057
1062
1012
1044
1062
1049
1058
1089
1052
1070
1055
1081
1087
1026
1075
1085
1097
1071
1063
1066
1082
1094
1076
1103
1086
1091
1096
1078
1086
1102
1060
1092
1098
1100
1106
1095
1037
1038
1010
1058
1043
1043
1049
1041
1063
1006
1051
1046
1029
1004
1049
1056
1042
1060
1048
1032
1028
1034
1021
1036
1035
1027
1038
1037
1021
1037
1045
1039
1026
1050
1037
1044
1040
1042
1041
1037
1045
1050
1045
1030
1034
990
1033
1046
1054
1062
1031
1049
1048
1041
1063
1027
1046
1051
1047
1056
1049
1035
1039
1029
1042
1065
1056
1054
1043
1036
1072
1056
1050
1047
1044
1048
1057
1072
1072
1071
1091
1061
1045
1053
1063
1052
1030
1048
1063
1057
1015
1037
1014
1060
1059
1060
1069
1051
1086
1065
1095
1054
1051
1061
1044
987
1028
986
1054
1054
1033
1050
1049
1047
1003
1032
1052
1040
1040
1052
1052
1042
1056
1046
1033
1048
1051
1045
991
1055
1056
1047
1055
1053
1045
1039
1032
998
1053
1059
1038
1044
1046
1038
1048
1025
1049
1059
1047
1066
1070
1080
1081
1106
1070
1075
1086
1072
1046
1037
1072
1078
1074
1091
1046
1088
1103
1099
1081
1068
1094
1129
1197
1304
1370
1584
1785
1937
2102
2451
2671
2888
3007
3153
3269
3497
3423
3527
3524
3501
3562
3618
3605
3455
3581
3506
3524
3509
3546
3537
3524
3641
3604
3467
3559
3618
3488
3570
3586
3512
3563
3622
3535
3652
3646
3466
3573
3534
3580
3506
3577
3520
3514
3558
3532
3617
3586
3444
3535
3512
3609
3515
3518
3527
3477
3642
3507
3595
3584
3490
3527
3495
3547
3506
3485
3420
3464
3399
3468
3311
3256
3031
3153
3315
3183
3190
3329
3163
2927
2865
2685
2411
2563
2254
1944
1808
1704
1678
1459
1320
1168
1150
1088
1147
1172
1092
1093
1028
1039
1043
1030
1042
1025
1026
1027
1048
1042
1036
1031
1037
1040
1035
1030
1035
995
1037
1021
1031
987
1047
1038
1047
1052
1035
1009
1033
1023
1034
1038
1037
1036
1041
1031
1040
1049
1031
1023
989
1018
1023
1024
1037
1050
1043
1057
1037
1031
1054
1048
1042
1026
1033
1025
1034
1028
1053
1040
1035
1053
1009
1021
1037
1046
1044
1046
1035
1062
1045
1045
1027
1059
1009
1049
1053
1045
1037
1056
1027
1049
1036
1053
1025
1026
1051
1035
1038
1048
1058
1034
1053
1036
1036
1023
1028
1050
1053
1060
1054
1045
1027
1045
1032
1036
1028
1019
1011
1041
1017
1035
1031
1010
1038
1042
1046
1045
1046
1028
1049
1043
1033
1048
1030
1034
1059
1045
1062
988
1007
1013
1034
1023
1020
1031
1018
1019
1021
1021
1033
1038
1018
1044
1030
1019
1021
1026
1027
1038
1019
994
1016
1016
1027
1041
1031
1046
1027
1025
1022
1021
1014
1037
1037
1025
1019
1035
1004
1005
1019
1030
1038
977
1019
1039
1027
1038
1039
994
1026
1041
1046
1033
1034
1039
