- Jet Lab

- Experiment date = 2022-11-10 17:01:26
- Number of samples in measure = 15
- Number of motor steps between measures = 2
- Measures count = 500

- adc12bit
1035
1061
1036
1018
1064
1046
1064
1039
1059
1074
1066
1085
1030
1090
1074
1082
1086
1081
1073
1086
1085
1079
1082
1057
1078
1067
1069
1096
1055
1069
1085
1072
1060
1089
1080
1070
1082
1094
1104
1062
1089
1084
1081
1110
1037
1023
1032
1009
1043
1036
1033
1025
1023
1041
1029
1019
1040
996
1046
1066
1053
1048
1066
1059
1080
1086
1066
1100
1065
1047
1057
1087
1072
1090
1096
1073
1086
1104
1096
1084
1085
1069
1078
1076
1047
1082
1081
1063
1087
1071
1037
1056
1030
994
1024
1047
1040
1037
1035
973
1052
1072
1061
1042
1050
1055
1048
1063
1058
1018
1066
1063
1044
991
1057
998
1026
1031
1040
1063
1048
1078
1046
1045
1035
1054
1054
1027
1060
1053
1043
1059
1042
1050
1045
1040
1054
1059
1011
1040
1016
1064
1097
1060
1059
1078
1063
1090
1073
1077
1089
1093
1080
1090
1088
1073
1075
1073
1061
1101
1077
1014
1036
1059
1056
1063
1052
1061
1052
1066
1053
1085
1055
1051
1059
1070
1027
1025
986
1035
1071
1052
1061
1036
998
1066
1023
1081
1050
1046
1074
1110
1094
1142
1085
1062
1132
1175
1217
1189
1262
1154
1162
1272
1292
1415
1226
1380
1537
1700
1796
1693
1771
2053
2025
2142
2186
2252
2401
2201
2493
2584
2740
2705
2945
3054
3118
3136
3202
3312
3362
3350
3349
3403
3415
3574
3526
3532
3477
3530
3464
3617
3570
3441
3522
3520
3495
3586
3558
3577
3561
3475
3604
3574
3535
3615
3464
3630
3599
3541
3602
3504
3551
3530
3539
3604
3537
3534
3476
3531
3495
3538
3575
3445
3481
3537
3410
3431
3296
3434
3266
3135
3094
3008
2978
2924
2717
2587
2369
2564
2500
2310
2277
2145
2137
2241
2191
2173
1856
1805
1924
1686
1627
1643
1556
1556
1403
1392
1292
1245
1285
1209
1186
1157
1143
1103
1077
1120
1085
1030
1048
1109
1109
1056
1056
1035
1039
1027
1042
1039
1031
1024
1050
998
1032
1026
1039
1028
1037
1036
1025
1029
1021
1023
1008
1025
1057
1031
1030
1039
1047
1039
1021
1019
1037
1032
1024
1015
1028
1033
1030
1048
1039
1029
1029
985
1020
1052
1032
1034
1022
1029
1033
1020
1013
1048
1020
1054
1050
1044
1048
1035
1038
1018
1027
1043
1026
1014
1016
1026
1020
1025
1045
1028
1032
1033
1016
1039
1033
1013
1037
1041
1034
1033
1031
1015
1033
1047
1026
1012
995
1049
1023
1035
1025
1034
1023
1034
1028
1020
1009
1029
1035
1032
1035
1041
1015
1034
1024
1029
1029
1016
1030
1013
1019
1039
1026
1034
1035
1028
1048
1045
1023
1016
1035
1032
1022
1036
1040
1026
1024
1022
1041
1022
1021
1046
1038
1044
1040
1032
1040
1033
1033
1036
1051
1053
1034
1051
1038
1028
1036
1045
1038
1050
1054
1027
1012
1029
1039
1019
1030
1035
1038
1043
1036
1047
1053
1032
1031
1027
1041
1034
1040
1041
1031
1048
1020
1042
1030
1033
