- Jet Lab

- Experiment date = 2022-11-10 16:56:38
- Number of samples in measure = 15
- Number of motor steps between measures = 2
- Measures count = 500

- adc12bit
1036
1038
1026
1036
1048
1064
1020
1032
1063
1070
1067
1066
1059
1059
1054
1023
1058
1046
1047
1047
1057
1051
1050
1045
1046
1058
1057
1064
1038
1046
1035
1055
1054
1040
1047
1048
1060
1071
1060
1053
1055
1065
1061
1064
1050
1067
1064
1038
1038
1059
1052
1030
1071
1054
1077
998
1056
1061
1051
1040
1050
1054
1055
1067
1057
1047
1053
1044
1050
1051
1048
1055
1060
1052
1045
1059
1059
1058
1068
1053
1054
1054
1042
1054
1060
1034
1072
1038
1040
1044
1049
1055
1059
1047
1062
1039
1045
1037
1036
1060
1049
1058
1043
1043
1045
1045
1069
1061
1057
1053
1037
1056
1052
1037
1022
1015
1059
1066
1068
1058
1066
1048
1060
1053
1062
1047
1056
1044
1060
1073
1071
1065
1066
1069
1049
1059
1054
1053
1062
1062
1048
1050
1047
1054
1071
1046
1046
1054
1049
1042
1066
1049
1068
1047
1054
1048
1053
1068
1069
1065
1056
1057
1044
1047
1032
1037
1042
1047
1052
1059
1038
1070
1082
1061
1069
1067
1059
1072
1072
1070
1075
1071
1055
1067
1059
1075
1075
1061
1087
1084
1057
1077
1061
1073
1082
1066
1055
1054
1030
1056
1058
1063
1014
1050
1057
1080
1053
1057
1079
1023
1079
1075
1116
1238
1482
1878
2644
2889
3224
3305
3457
3606
3508
3493
3472
3512
3659
3553
3607
3532
3521
3507
3583
3602
3565
3572
3648
3625
3707
3637
3536
3528
3612
3535
3619
3613
3601
3681
3491
3632
3512
3633
3611
3609
3606
3548
3506
3638
3536
3507
3544
3543
3626
3462
3626
3475
3566
3614
3606
3531
3539
3625
3592
3530
3611
3576
3524
3611
3554
3583
3551
3514
3547
3455
3582
3542
3506
3450
3619
3461
3449
3635
3438
3650
3567
3330
3351
3256
3281
2944
2555
2089
1875
1646
1410
1277
1156
1073
1067
1039
1037
1042
1047
1043
1062
1057
1052
1045
1047
1051
1048
1064
1051
1051
1047
1044
1044
1036
1050
1054
1034
1050
1054
1035
1041
1039
1029
1036
1045
1042
1036
1028
1043
1028
1047
1048
1060
1029
1039
1036
1047
1056
1046
1055
1060
1039
1052
1040
1036
1047
1046
1046
1043
1023
1040
1040
1038
1033
1075
1040
1054
1053
1005
1071
1070
1071
1066
1070
1063
1060
1041
1054
1057
1066
1053
1050
1073
1043
1067
1052
1039
1061
1050
1075
1053
1066
1062
1057
1072
1065
1012
1066
1058
1064
1053
1051
1050
1064
1047
1080
1063
1052
1053
1071
1015
1057
1049
1058
1050
1032
1065
1039
1081
1070
1060
1080
1074
1038
1066
1054
1062
1054
1054
1076
1063
1036
1026
989
1048
1058
1057
1050
1070
1071
1052
1056
1056
1047
1059
1062
1036
1061
1079
1075
1063
1058
1063
1076
1063
1055
1055
1034
1035
1043
1048
1065
1054
1079
1082
1064
1065
1052
1057
1045
1040
1071
1076
1091
1092
1092
1075
1056
1083
1089
1083
1065
1082
1097
1086
1076
1109
1093
1084
1063
1090
1089
1067
1101
1087
1100
