- Jet Lab

- Experiment date = 2022-11-10 17:10:36
- Number of samples in measure = 15
- Number of motor steps between measures = 2
- Measures count = 500

- adc12bit
1035
1064
1043
1035
1014
1047
1014
1025
1045
1057
1058
1059
1082
1068
1063
1059
1065
1057
1042
1051
1012
1040
1050
1050
1063
1049
1036
1052
1039
1033
1004
1016
1000
1014
1023
1029
1026
1027
1032
1024
1012
1005
990
988
1051
1027
1039
1026
1046
1021
1015
1021
1042
1014
1020
1016
1017
1013
1043
1036
1017
1025
1038
1038
1010
1004
992
1039
1060
1050
1070
1062
1067
1041
1062
1095
1046
1045
1029
1054
1067
1037
1062
1054
1050
1068
1012
1018
1051
1049
1059
1060
1042
1057
1070
1073
1078
1073
1059
976
1045
1012
1022
1040
1043
1063
1040
1038
1043
1001
1024
1024
1019
1057
1047
1070
1064
1059
1085
1065
1056
1097
1082
1056
1038
1074
1096
1088
1063
1119
1100
1063
1042
1038
1075
1073
1092
1049
1081
1053
1045
1113
1113
1101
1107
1107
1073
1028
1026
1066
1048
1066
1044
1113
1131
1024
1049
1074
1099
1111
1081
1075
1147
1072
1163
1101
1111
1152
1134
1170
1141
1184
1162
1178
1149
1176
1240
1192
1234
1251
1155
1228
1258
1301
1211
1356
1282
1335
1403
1381
1398
1409
1343
1332
1315
1338
1358
1306
1334
1343
1351
1406
1459
1387
1546
1527
1534
1509
1373
1539
1431
1388
1641
1573
1417
1510
1691
1375
1523
1552
1533
1427
1660
1631
1754
1792
1794
1747
1658
1927
1820
1948
1912
1791
1870
1838
1884
1828
1840
2042
1914
1887
2143
2122
2310
2115
2092
2137
2162
2133
2295
2159
2261
2207
2199
2253
2238
2262
2237
2333
2264
2223
2253
2391
2499
2244
2234
2281
2275
2472
2237
2368
2389
2260
2437
2294
2191
2304
2261
2164
2233
2351
2171
2148
2164
2235
2009
2033
1920
2052
1920
1902
2082
2089
2018
2182
1971
1827
1838
1947
1860
1580
1915
2034
1843
1485
1738
1611
1668
1667
1603
1673
1473
1510
1426
1432
1424
1450
1381
1406
1566
1325
1269
1503
1410
1321
1396
1331
1326
1401
1419
1324
1280
1132
1357
1237
1109
1163
1163
1255
1251
1233
1124
1236
1256
1139
1150
1236
1123
1117
1105
1232
1201
1218
1108
1161
1049
1118
1045
1130
1051
1034
1047
1140
1103
1082
1064
1035
1018
1104
1055
1076
1048
1029
1050
1051
1054
1053
1044
1035
1041
1008
1010
1012
1078
1081
1031
1033
1042
1029
1034
1054
1045
1032
1003
1012
1014
1025
1041
1022
1032
1051
1019
991
1019
1050
1009
1012
1032
1038
1034
1005
999
1022
1026
1017
1019
1022
1032
1026
1025
1010
1029
1033
1013
1030
1012
1017
982
1020
1013
1056
1054
1055
1075
1064
1043
1045
1041
1025
1040
1051
1037
1076
1066
1021
1042
1068
1046
1000
1022
1000
1031
1021
1034
1037
1027
1052
1043
1045
1043
1070
1004
1006
1018
1002
1013
1018
1026
1014
1015
1019
1000
996
995
1002
1025
1034
1037
1041
1014
1020
1005
1026
1015
1003
1012
1012
1021
1040
1017
1031
997
1027
1021
1007
1007
997
982
1022
