- Jet Lab

- Experiment date = 2022-11-10 17:08:51
- Number of samples in measure = 15
- Number of motor steps between measures = 2
- Measures count = 500

- adc12bit
1030
1048
1035
1039
1025
1051
1037
1029
1015
1035
1062
1049
1060
1047
1060
1072
1049
1050
1069
1071
1052
1060
1056
1070
1090
1042
1071
1047
1038
1048
1036
1022
1003
1002
1006
1020
989
1046
1039
1037
1034
1021
1009
1030
1020
1012
1031
1015
1029
1028
1010
1025
1018
974
1001
1023
1026
1039
1019
1011
1020
1006
1015
1001
1013
1009
1016
1020
1024
1022
1029
1020
1034
1026
1014
1011
1002
1019
1007
1005
1028
1018
1019
1026
1061
1058
1044
1071
1026
1033
1033
1076
1053
1058
1061
1046
1074
1074
1037
1032
1032
1063
1040
1056
974
1049
1052
1046
1035
1047
1056
1048
1049
1035
991
1026
1018
989
1009
1025
1016
1005
1002
1016
1032
1039
1025
1028
1015
1030
1033
1034
1055
1022
1017
1017
1087
1031
1035
1025
1040
1035
1058
1017
1047
1011
1025
1036
1052
1033
1036
1077
1121
1090
1057
1066
1053
1058
1041
1051
1078
1140
1081
1057
1027
1079
1148
1094
1114
1193
1119
1142
1108
1152
1155
1208
1138
1170
1170
1189
1183
1162
1297
1199
1265
1283
1153
1225
1289
1316
1163
1262
1344
1347
1245
1205
1298
1489
1357
1305
1360
1449
1494
1428
1486
1539
1558
1618
1606
1575
1552
1661
1659
1652
1585
1726
1791
1731
1764
1720
1763
1775
1802
1933
1945
1951
1950
2019
2084
2067
1912
1964
1924
2139
1894
2188
2003
2080
2150
2155
2441
2409
2412
2322
2576
2192
2711
2627
2547
2669
2512
2733
2554
2561
2727
2672
2823
2685
2668
2600
2713
2732
2807
2916
2766
2628
2908
2688
2759
2858
2622
2717
2695
2739
2820
2656
2547
2476
2252
2414
2321
2505
2362
2223
2223
2375
2250
2164
2291
2310
2245
2125
2077
2228
2258
2022
1981
1953
2114
2030
1820
1861
1747
1772
1640
1821
1719
1742
1724
1647
1757
1663
1520
1522
1569
1557
1532
1389
1479
1448
1353
1410
1486
1264
1259
1243
1319
1276
1164
1167
1212
1290
1360
1180
1206
1255
1276
1205
1111
1179
1094
1076
1112
1123
1111
1186
1075
1103
1084
1063
1118
1094
1160
1062
1071
1107
1071
1046
1084
1078
1079
1056
1047
1008
1043
1071
1080
1021
1026
1055
998
1027
1041
1048
1041
1036
1024
1022
997
1067
1013
1016
1032
1043
1023
1019
1004
1022
1003
1028
1025
1010
1015
991
1023
996
1006
1017
1007
1014
1005
1032
1005
1032
1007
1020
1015
1028
1018
1022
1029
1039
1037
1018
1009
988
1029
1018
1021
1031
1033
1037
1011
1030
1013
1028
1012
1020
1012
1027
1007
1018
1022
1029
1005
1041
1039
992
1024
1001
1023
1017
1014
1040
1033
1039
1016
984
1006
1036
1023
1032
996
1010
1031
1023
1021
1028
1033
1023
983
1012
1027
1023
1015
1023
1047
1031
1022
1026
1030
1027
1025
1027
1019
1037
1031
1054
1030
1028
1027
1024
998
1022
1033
1001
1016
1019
1022
1043
1025
1012
1034
1017
996
1001
1021
1002
1012
1032
