- Jet Lab

- Experiment date = 2022-11-10 16:50:48
- Number of samples in measure = 15
- Number of motor steps between measures = 3
- Measures count = 100

- adc12bit
1038
1006
994
991
978
1005
1000
981
978
1000
979
1001
988
993
988
987
987
999
991
1009
993
979
993
982
987
988
987
983
984
984
991
986
995
988
994
990
1005
996
992
999
990
995
1006
998
998
993
988
977
990
975
992
980
1000
979
982
993
987
993
980
987
997
987
980
992
985
989
990
1002
981
1001
975
985
988
1012
987
986
997
994
1005
990
1008
986
997
992
996
993
984
967
991
998
993
992
987
976
988
988
983
989
993
988
