- Jet Lab

- Experiment date = 2022-11-10 16:53:14
- Number of samples in measure = 15
- Number of motor steps between measures = 3
- Measures count = 100

- adc12bit
1428
1374
1384
1383
1404
1394
1395
1372
1393
1379
1385
1386
1397
1386
1398
1385
1402
1369
1383
1385
1376
1393
1389
1381
1366
1389
1378
1394
1369
1373
1384
1365
1383
1370
1347
1365
1362
1338
1369
1367
1367
1374
1366
1360
1360
1351
1380
1378
1368
1369
1362
1373
1358
1364
1365
1362
1353
1348
1378
1362
1362
1370
1350
1355
1376
1356
1364
1371
1364
1366
1370
1363
1380
1371
1381
1382
1372
1369
1361
1367
1376
1382
1373
1373
1386
1388
1389
1364
1371
1386
1374
1399
1364
1387
1376
1394
1385
1392
1375
1399
