0
1
2
4
5
6
8
9
11
12
13
15
16
18
19
20
22
23
25
26
27
29
30
31
33
34
36
37
38
40
41
43
44
45
47
48
50
51
52
54
55
56
58
59
61
62
63
65
66
68
69
70
72
73
75
76
77
79
80
82
83
84
86
87
88
90
91
93
94
95
97
98
100
101
102
104
105
107
108
109
111
112
113
115
116
118
119
120
122
123
125
126
127
129
130
132
133
134
136
137
139
140
141
143
144
145
147
148
150
151
152
154
155
157
158
159
161
162
164
165
166
168
169
170
172
173
175
176
177
179
180
182
183
184
186
187
189
190
191
193
194
195
197
198
200
201
202
204
205
207
208
209
211
212
214
215
216
218
219
221
222
223
225
226
227
229
230
232
233
234
236
237
239
240
241
243
244
246
247
248
250
251
252
254
255
257
258
259
261
262
264
265
266
268
269
271
272
273
275
276
278
279
280
282
283
284
286
287
289
290
291
293
294
296
297
298
300
301
303
304
305
307
308
309
311
312
314
315
316
318
319
321
322
323
325
326
328
329
330
332
333
334
336
337
339
340
341
343
344
346
347
348
350
351
353
354
355
357
358
360
361
362
364
365
366
368
369
371
372
373
375
376
378
379
380
382
383
385
386
387
389
390
391
393
394
396
397
398
400
401
403
404
405
407
408
410
411
412
414
415
417
418
419
421
422
423
425
426
428
429
430
432
433
435
436
437
439
440
442
443
444
446
447
448
450
451
453
454
455
457
458
460
461
462
464
465
467
468
469
471
472
473
475
476
478
479
480
482
483
485
486
487
489
490
492
493
494
496
497
499
500
501
503
504
505
507
508
510
511
512
514
515
517
518
519
521
522
524
525
526
528
529
530
532
533
535
536
537
539
540
542
543
544
546
547
549
550
551
553
554
556
557
558
560
561
562
564
565
567
568
569
571
572
574
575
576
578
579
581
582
583
585
586
587
589
590
592
593
594
596
597
599
600
601
603
604
606
607
608
610
611
612
614
615
617
618
619
621
622
624
625
626
628
629
631
632
633
635
636
638
639
640
642
643
644
646
647
649
650
651
653
654
656
657
658
660
661
663
664
665
667
668
669
671
672
674
675
676
678
679
681
682
683
685
686
688
689
690
692
695